TimeStamp,Fig_No,robotID,robotPosX,robotPosY,robotPos_RX,robotPos_RY,robotPos_BX,robotPos_BY,robotErrorX,robotErrorY,Zone,GoalIndex
1.0001262,,0,136,296,119.25,301.424,79.5341,296.884,-70,-4,1,0
118.007263,,0,135.896,295.738,119.126,301.236,79.4351,296.887,-70.1037,-4.26157,1,0
194.011264,,0,136.161,295.254,119.465,300.822,79.7043,296.621,-69.8394,-4.74582,1,0
271.015265,,0,145.246,295.924,129.334,301.672,88.7994,297.649,-60.7542,-4.07581,1,0
348.02266,,0,148.59,295.361,133.347,301.319,92.1627,297.636,-57.4103,-4.63882,1,0
425.024267,,0,151.796,296.173,136.275,302.016,95.3559,298.107,-54.2045,-3.82697,1,0
502.029268,,0,152.906,295.871,137.559,301.691,96.4616,297.658,-53.0938,-4.12924,1,0
579.033269,,0,154.375,296.004,138.673,301.758,97.9268,297.672,-51.6251,-3.99603,1,0
656.03827,,0,155.49,296.044,139.313,301.729,99.0401,297.635,-50.5096,-3.95563,1,0
733.042271,,0,155.715,295.65,140.416,301.584,99.2852,297.851,-50.2849,-4.34973,1,0
810.046272,,0,155.132,295.159,140.025,301.048,98.6931,297.119,-50.8681,-4.84055,1,0
887.051273,,0,155.894,295.752,139.946,301.538,99.4527,297.63,-50.1058,-4.24835,1,0
964.055274,,0,155.701,295.042,140.618,301.023,99.2752,297.35,-50.2991,-4.95807,1,0
1041.06275,,0,155.456,296.059,140.111,301.794,99.0024,297.52,-50.5437,-3.9411,1,0
1118.06276,,0,156.411,295.354,140.874,301.258,99.98,297.524,-49.5889,-4.64578,1,0
1195.07277,,0,156.619,296.051,141.235,301.868,100.175,297.837,-49.3806,-3.94897,1,0
1272.07278,,0,155.821,295.77,140.154,301.497,99.37,297.326,-50.1786,-4.23004,1,0
1349.08279,,0,156.125,295.963,140.318,301.629,99.6687,297.344,-49.8754,-4.03729,1,0
1426.0828,,0,156.425,295.998,140.433,301.69,99.9732,297.547,-49.5752,-4.00226,1,0
1503.09281,,0,156.878,295.694,141.554,301.527,100.435,297.522,-49.1216,-4.3063,1,0
1580.09282,,0,156.506,295.105,140.424,300.922,100.07,297.142,-49.4938,-4.89548,1,0
1697.1283,,0,156.073,296.103,140.342,301.828,99.6219,297.673,-49.9271,-3.89664,1,0
1774.1284,,0,160.695,296.236,144.471,301.854,104.238,297.602,-45.3052,-3.7641,1,0
1851.11285,,0,166.151,296.686,149.682,302.172,109.687,297.675,-39.849,-3.31369,1,0
1928.11286,,0,173.783,295.416,157.662,301.191,117.342,297.312,-32.2169,-4.58383,1,0
2005.11287,,0,176.239,296.547,159.31,302.076,119.781,297.865,-29.7615,-3.45334,1,0
2082.12288,,0,177.521,296.367,160.719,301.809,121.057,297.335,-28.4787,-3.63312,1,0
2159.12289,,0,176.891,297.463,160.091,302.747,120.419,297.876,-29.1093,-2.53656,1,0
2236.1329,,0,177.503,297.48,160.829,302.782,121.032,297.904,-28.4967,-2.51999,1,0
2313.13291,,0,177.096,297.088,160.429,302.498,120.629,297.887,-28.904,-2.91156,1,0
2389.14292,,0,177.744,296.916,161.023,302.314,121.277,297.695,-28.2557,-3.08444,1,0
2467.14293,,0,177.92,296.285,161.491,301.813,121.458,297.406,-28.0803,-3.71497,1,0
2544.15294,,0,178.001,296.306,161.625,302.006,121.554,298.021,-27.999,-3.69354,1,0
2621.15295,,0,178.545,296.584,161.98,302.091,122.083,297.686,-27.4547,-3.41577,1,0
2698.15296,,0,177.78,295.485,161.596,301.144,121.327,296.985,-28.2201,-4.51508,1,0
2775.16297,,0,178.321,297.293,161.934,302.747,121.854,298.134,-27.6791,-2.70657,1,0
2852.16298,,0,178.968,297.507,162.182,302.749,122.496,297.767,-27.0317,-2.49268,1,0
2929.17299,,0,178.498,296.179,161.917,301.528,122.027,296.725,-27.5025,-3.8208,1,0
3006.173,,0,178.969,297.129,162.87,302.504,122.498,297.558,-27.0313,-2.87061,1,0
3084.18301,,0,178.769,297.164,161.795,302.478,122.299,297.755,-27.231,-2.83609,1,0
3162.18302,,0,178.454,296.427,161.999,301.965,121.994,297.597,-27.5457,-3.57346,1,0
3279.19303,,0,179.147,296.672,162.85,302.232,122.687,297.859,-26.8526,-3.32849,1,0
3356.19304,,0,183.146,296.073,166.838,301.625,126.685,297.232,-22.8544,-3.92673,1,0
3433.2305,,0,188.059,296.386,172.036,301.989,131.599,297.621,-17.9413,-3.61398,1,0
3510.2306,,0,196.681,295.596,181.385,301.545,140.253,297.855,-9.31921,-4.40417,1,0
3587.21307,,0,198.848,294.017,183.52,300.231,142.47,297.292,-7.15225,-5.98254,1,0
3664.21308,,0,201.934,294.604,187.419,300.843,145.549,297.75,-4.0657,-5.39633,1,0
3741.21309,,0,202.99,293.775,188.336,300.13,146.635,297.42,-3.0099,-6.2251,1,0
3818.2231,,0,203.973,294.15,188.935,300.52,147.628,297.948,-2.02658,-5.84955,1,0
3896.22311,,0,203.978,294.392,189.477,300.787,147.631,298.159,-2.02196,-5.60809,1,0
3973.23312,,0,204.418,294.215,189.724,300.734,148.11,298.517,-1.58174,-5.78473,1,0
4050.23313,,0,204.913,294.498,190.307,300.866,148.56,298.183,-1.08714,-5.50241,1,0
4127.24314,,0,204.741,294.803,190.125,301.195,148.395,298.583,-1.25911,-5.19656,1,0
4204.24315,,0,204.443,294.119,190.085,300.499,148.09,297.785,-1.55663,-5.88071,1,0
4281.24316,,0,205.405,294.4,190.842,300.863,149.078,298.45,-0.594757,-5.60016,1,0
4358.25317,,0,205.433,294.801,190.642,301.21,149.095,298.693,-0.56665,-5.19904,1,0
4436.25318,,0,205.482,293.979,190.863,300.432,149.153,298.005,-0.517654,-6.02097,1,0
4513.26319,,0,205.506,294.447,190.699,300.827,149.16,298.23,-0.493942,-5.55286,1,0
4590.2632,,0,204.851,294.635,189.841,301.05,148.518,298.602,-1.14908,-5.36478,1,0
4668.27321,,0,205.298,293.946,190.435,300.376,148.966,297.935,-0.702225,-6.05405,1,0
4745.27322,,0,205.758,294.498,190.833,300.812,149.397,298.051,-0.242477,-5.5022,1,0
4842.28323,,0,205.224,294.692,190.67,301.158,148.898,298.755,-0.775955,-5.30841,1,1
4920.28324,,0,205.676,294.318,190.827,300.66,149.321,297.962,-194.324,-4.68246,1,1
4997.29325,,0,205.185,294.049,190.165,300.643,148.904,298.703,-194.815,-4.95123,1,1
5074.29326,,0,205.973,294.479,190.532,300.852,149.636,298.381,-194.027,-4.52066,1,1
5151.29327,,0,205.656,294.842,190.682,301.221,149.312,298.66,-194.344,-4.15756,1,1
5228.3328,,0,205.259,293.792,190.543,300.326,148.955,298.156,-194.741,-5.20813,1,1
5306.3329,,0,205.862,294.218,191.001,300.613,149.521,298.071,-194.138,-4.78226,1,1
5383.3133,,0,205.244,294.668,190.749,301.074,148.9,298.475,-194.756,-4.33179,1,1
5460.31331,,0,206.02,293.881,190.943,300.334,149.698,298.008,-193.98,-5.1188,1,1
5537.32332,,0,205.325,293.547,190.395,300.261,149.083,298.646,-194.675,-5.45349,1,1
5614.32333,,0,205.996,294.021,191.409,300.409,149.649,297.779,-194.004,-4.97894,1,1
5691.33334,,0,205.476,294.192,190.697,300.693,149.163,298.441,-194.524,-4.80765,1,1
5768.33335,,0,206.182,294.561,191.439,301.023,149.857,298.649,-193.818,-4.43906,1,1
5845.33336,,0,205.804,293.994,190.887,300.462,149.483,298.144,-194.196,-5.00629,1,1
5922.34337,,0,205.559,294.339,190.701,300.8,149.236,298.448,-194.441,-4.66086,1,1
5999.34338,,0,205.11,294.579,190.528,301.123,148.807,298.954,-194.89,-4.42056,1,1
6076.35339,,0,206.1,293.923,191.171,300.378,149.777,298.025,-193.9,-5.07697,1,1
6153.3534,,0,205.837,293.66,191.316,300.266,149.553,298.268,-194.163,-5.33951,1,1
6230.36341,,0,205.699,293.512,190.965,300.083,149.407,298.024,-194.301,-5.48785,1,1
6307.36342,,0,205.798,293.943,190.783,300.329,149.457,297.797,-194.202,-5.0571,1,1
6424.37343,,0,205.534,293.694,190.688,300.254,149.241,298.186,-194.466,-5.30643,1,1
6501.37344,,0,205.743,293.734,190.952,300.279,149.444,298.157,-194.257,-5.26553,1,1
6578.38345,,0,217.781,294.587,202.176,300.829,161.414,298.043,-182.219,-4.41293,1,1
6655.38346,,0,223.668,294.594,207.814,300.725,167.281,297.706,-176.332,-4.40567,1,1
6732.39347,,0,224.509,293.757,209.062,300.276,168.212,298.208,-175.491,-5.24316,1,1
6809.39348,,0,225.23,294.216,209.912,300.641,168.904,298.288,-174.77,-4.78384,1,1
6885.39349,,0,226.358,295.262,210.739,301.528,169.996,298.81,-173.642,-3.73843,1,1
6962.435,,0,226.568,294.489,211.581,301.138,170.304,299.346,-173.432,-4.51053,1,1
7039.4351,,0,226.383,295.085,211.051,301.496,170.053,299.107,-173.617,-3.91504,1,1
7116.41352,,0,227.315,294.428,212.195,301.003,171.03,299.028,-172.685,-4.57159,1,1
7193.41353,,0,227.242,295.48,212.069,301.805,170.888,299.141,-172.758,-3.52036,1,1
7270.42354,,0,227.47,294.588,212.218,301.203,171.199,299.363,-172.53,-4.41162,1,1
7348.42355,,0,227.352,293.92,212.2,300.524,171.077,298.637,-172.648,-5.07993,1,1
7425.42356,,0,227.371,294.19,212.426,300.818,171.1,298.961,-172.629,-4.80981,1,1
7501.43357,,0,227.665,294.244,212.463,300.9,171.407,299.165,-172.335,-4.75647,1,1
7694.44358,,0,226.919,294.184,212.161,300.961,170.697,299.504,-173.081,-4.81631,1,1
7771.44359,,0,227.302,294.621,212.432,301.206,171.017,299.216,-172.698,-4.37943,1,1
7847.4536,,0,227.836,293.83,212.64,300.459,171.569,298.65,-172.164,-5.16992,1,1
7924.45361,,0,227.067,294.323,212.058,300.926,170.789,299.009,-172.933,-4.67688,1,1
8001.46362,,0,227.545,294.518,212.552,301.139,171.273,299.273,-172.455,-4.48221,1,1
8117.46363,,0,227.339,293.624,211.871,300.248,171.074,298.468,-172.661,-5.37561,1,1
8194.47364,,0,228.398,294.016,213.382,300.615,172.119,298.69,-171.602,-4.98444,1,1
8271.47365,,0,239.708,294.839,224.542,301.434,183.429,299.524,-160.292,-4.16086,1,1
8348.48366,,0,243.486,295.153,228.905,301.607,187.156,299.171,-156.514,-3.84726,1,1
8425.48367,,0,249.91,295.944,235.269,302.337,193.564,299.735,-150.09,-3.05588,1,1
8501.49368,,0,250.161,295.211,236.63,301.864,193.877,299.821,-149.839,-3.78946,1,1
8578.49369,,0,251.812,295.587,238.106,302.194,195.515,300.038,-148.188,-3.4129,1,1
8655.537,,0,251.806,294.768,238.195,301.418,195.522,299.379,-148.194,-4.23236,1,1
8732.5371,,0,252.791,295.508,238.504,301.925,196.446,299.31,-147.209,-3.49228,1,1
8809.5372,,0,252.665,295.04,239.077,301.686,196.379,299.628,-147.335,-3.9595,1,1
8886.51373,,0,252.909,295.798,239.097,302.306,196.583,299.856,-147.091,-3.2019,1,1
8963.51374,,0,253.334,295.17,239.725,301.827,197.052,299.813,-146.666,-3.82999,1,1
9040.52375,,0,253.759,295.193,240.5,301.958,197.511,300.231,-146.241,-3.80676,1,1
9117.52376,,0,253.644,295.747,239.962,302.233,197.309,299.682,-146.356,-3.25302,1,1
9194.53377,,0,253.103,294.971,239.524,301.52,196.785,299.147,-146.897,-4.02893,1,1
9272.53378,,0,253.98,295.824,239.994,302.2,197.619,299.376,-146.02,-3.17575,1,1
9349.53379,,0,253.956,295.513,240.076,301.958,197.612,299.323,-146.044,-3.487,1,1
9426.5438,,0,253.941,295.275,239.85,301.74,197.607,299.224,-146.059,-3.72519,1,1
9503.54381,,0,253.86,295.761,240.332,302.26,197.525,299.712,-146.14,-3.23901,1,1
9581.55382,,0,253.841,295.64,239.882,302.031,197.484,299.25,-146.159,-3.36032,1,1
9697.55383,,0,253.818,295.473,239.887,301.808,197.445,298.839,-146.182,-3.52719,1,1
9774.56384,,0,256.832,296.138,242.467,302.631,200.51,300.262,-143.168,-2.86197,1,1
9851.56385,,0,263.849,296.046,248.788,302.388,207.498,299.743,-136.151,-2.95352,1,1
9928.57386,,0,271.265,296.63,256.535,302.818,214.873,299.636,-128.735,-2.37024,1,1
10005.6387,,0,273.032,296.097,258.106,302.25,216.635,299.024,-126.968,-2.90314,1,1
10082.6388,,0,274.059,297.072,259.06,303.113,217.642,299.585,-125.941,-1.92804,1,1
10159.6389,,0,274.533,296.949,259.669,302.965,218.11,299.323,-125.467,-2.05145,1,1
10236.639,,0,274.42,296.907,259.399,302.97,218.008,299.512,-125.58,-2.09308,1,1
10313.6391,,0,275.667,296.454,260.723,302.582,219.265,299.287,-124.333,-2.54556,1,1
10390.6392,,0,274.737,296.931,260.103,303.092,218.337,299.801,-125.263,-2.06927,1,1
10467.6393,,0,274.946,296.807,260.418,302.879,218.527,299.283,-125.054,-2.19266,1,1
10544.6394,,0,275.137,296.63,260.862,302.747,218.723,299.203,-124.863,-2.36984,1,1
10621.6395,,0,275.498,296.646,260.976,302.681,219.073,298.973,-124.502,-2.35416,1,1
10698.6396,,0,276.295,296.975,261.429,302.938,219.863,299.136,-123.705,-2.02475,1,1
10775.6397,,0,275.897,296.083,261.483,302.377,219.523,299.419,-124.103,-2.91663,1,1
10852.6398,,0,275.586,297.02,261.216,303.056,219.159,299.295,-124.414,-1.97958,1,1
10929.6399,,0,275.13,296.529,261.273,302.742,218.728,299.356,-124.87,-2.47067,1,1
11006.64,,0,275.935,296.68,261.176,302.659,219.504,298.866,-124.065,-2.31955,1,1
11083.6401,,0,275.453,296.676,261.36,302.717,219.022,298.87,-124.547,-2.32379,1,1
11160.6402,,0,276.382,296.706,262.237,302.759,219.955,298.971,-123.618,-2.29434,1,1
11276.6403,,0,276.144,296.096,261.739,302.366,219.764,299.332,-123.856,-2.90356,1,1
11353.6404,,0,275.991,296.645,261.549,302.768,219.581,299.3,-124.009,-2.3551,1,1
11430.7405,,0,287.389,295.128,272.476,301.451,231.031,298.715,-112.611,-3.87167,1,1
11507.7406,,0,295.748,295.555,282.043,301.95,239.387,299.11,-104.252,-3.44504,1,1
11584.7407,,0,297.459,294.421,283.723,301.034,241.165,298.903,-102.541,-4.57895,1,1
11661.7408,,0,300.024,295.13,287.24,301.858,243.754,299.917,-99.9761,-3.8703,1,1
11738.7409,,0,300.432,295.115,287.322,301.758,244.137,299.591,-99.5675,-3.88507,1,1
11815.741,,0,301.802,294.989,288.648,301.738,245.546,299.94,-98.1984,-4.01135,1,1
11892.7411,,0,301.078,294.776,288.154,301.575,244.838,299.907,-98.9224,-4.224,1,1
11969.7412,,0,301.521,294.388,288.765,301.242,245.302,299.735,-98.4786,-4.61249,1,1
12046.7413,,0,301.245,294.691,288.5,301.544,245.025,300.034,-98.7554,-4.3092,1,1
12123.7414,,0,302.161,294.479,289.417,301.288,245.923,299.623,-97.8387,-4.52139,1,1
12200.7415,,0,302.429,295.136,289.312,301.874,246.169,300.029,-97.571,-3.86407,1,1
12277.7416,,0,302.387,294.973,289.176,301.722,246.133,299.934,-97.6129,-4.02747,1,1
12354.7417,,0,302.444,294.726,289.408,301.51,246.201,299.809,-97.5556,-4.27399,1,1
12433.7418,,0,302.537,294.308,289.878,301.193,246.33,299.779,-97.4632,-4.69156,1,1
12510.7419,,0,301.69,295.346,288.969,302.114,245.435,300.298,-98.3099,-3.65378,1,1
12587.742,,0,301.607,294.917,289.064,301.825,245.408,300.476,-98.3931,-4.08264,1,1
12664.7421,,0,301.661,294.615,288.995,301.452,245.434,299.871,-98.3385,-4.38452,1,1
12741.7422,,0,301.771,294.266,288.823,301.127,245.558,299.676,-98.2288,-4.73401,1,1
12858.7423,,0,301.936,295.421,289.054,302.139,245.664,300.179,-98.0638,-3.57867,1,1
12935.7424,,0,304.984,294.994,292.508,301.962,248.812,300.817,-95.0158,-4.00555,1,1
13012.7425,,0,317.204,295.011,302.816,301.734,260.958,300.064,-82.7961,-3.98926,1,1
13091.7426,,0,319.791,294.554,305.987,301.539,263.642,300.594,-80.2088,-4.44598,1,1
13167.8427,,0,321.454,294.251,307.615,301.118,265.255,299.808,-78.5462,-4.74933,1,1
13244.8428,,0,322.31,294.894,308.788,301.793,266.121,300.544,-77.6899,-4.1058,1,1
13321.8429,,0,322.523,294.53,308.85,301.54,266.384,300.66,-77.4771,-4.46988,1,1
13398.843,,0,321.876,294.147,308.544,301.104,265.709,300.022,-78.1244,-4.85291,1,1
13475.8431,,0,322.424,294.626,309.098,301.665,266.295,300.847,-77.5756,-4.37381,1,1
13552.8432,,0,323.212,293.94,309.515,301.041,267.116,300.45,-76.7876,-5.06039,1,1
13629.8433,,0,322.631,294.164,309.615,301.357,266.577,301.03,-77.3694,-4.83594,1,1
13707.8434,,0,322.43,294.25,308.73,301.413,266.363,301.013,-77.5704,-4.74951,1,1
13784.8435,,0,323.379,294.672,309.941,301.855,267.321,301.509,-76.6215,-4.32794,1,1
13861.8436,,0,323.827,294.214,310.227,301.251,267.699,300.45,-76.1731,-4.78574,1,1
13938.8437,,0,322.886,294.307,309.639,301.507,266.837,301.209,-77.1135,-4.6925,1,1
14015.8438,,0,323.175,294.398,309.751,301.621,267.138,301.402,-76.8246,-4.60172,1,1
14092.8439,,0,323.556,294.687,310.198,301.902,267.515,301.657,-76.4444,-4.31317,1,1
14169.844,,0,323.256,294.319,309.366,301.434,267.168,300.896,-76.7437,-4.68146,1,1
14246.8441,,0,323.42,294.547,310.297,301.727,267.36,301.357,-76.5795,-4.45258,1,1
14323.8442,,0,323.872,293.918,310.037,301.096,267.814,300.75,-76.1283,-5.08234,1,1
14440.8443,,0,323.33,294.49,309.493,301.578,267.228,300.952,-76.6703,-4.50958,1,1
14517.8444,,0,328.482,295.3,314.791,302.397,272.383,301.79,-71.5182,-3.69955,1,1
14594.8445,,0,334.84,295.972,321.341,302.943,278.682,301.922,-65.1597,-3.02838,1,1
14671.8446,,0,342.602,295.593,330.184,302.598,286.447,301.579,-57.3985,-3.40698,1,1
14747.8447,,0,344.076,295.663,332.322,302.618,287.889,301.335,-55.924,-3.33731,1,1
14824.8448,,0,347.241,295.16,335.295,302.191,291.094,301.221,-52.7589,-3.83994,1,1
14901.9449,,0,348.245,295.87,336.534,302.871,292.08,301.755,-51.7549,-3.12958,1,1
14978.945,,0,348.76,296.064,336.868,302.973,292.552,301.532,-51.2401,-2.93634,1,1
15055.9451,,0,348.736,295.728,336.682,302.738,292.58,301.699,-51.2637,-3.27155,1,1
15132.9452,,0,348.945,295.439,337.315,302.421,292.769,301.225,-51.055,-3.56113,1,1
15209.9453,,0,349.743,296.072,337.673,303.041,293.566,301.849,-50.2571,-2.92758,1,1
15286.9454,,0,349.723,295.268,337.854,302.322,293.587,301.429,-50.2774,-3.73239,1,1
15363.9455,,0,349.646,296.143,337.526,303.071,293.45,301.733,-50.3541,-2.85684,1,1
15440.9456,,0,349.982,295.562,337.808,302.512,293.798,301.266,-50.0178,-3.43829,1,1
15517.9457,,0,350.106,295.143,338.465,302.088,293.912,300.748,-49.8935,-3.85693,1,1
15594.9458,,0,350.355,295.691,338.461,302.655,294.174,301.428,-49.6452,-3.30942,1,1
15671.9459,,0,350.774,294.885,338.742,301.956,294.649,301.145,-49.2263,-4.11548,1,1
15748.946,,0,350.273,295.07,338.364,302.063,294.106,300.943,-49.727,-3.93024,1,1
15825.9461,,0,350.921,296.033,339.004,302.811,294.655,300.87,-49.0793,-2.9668,1,1
15902.9462,,0,350.546,295.855,338.475,302.659,294.295,300.852,-49.454,-3.14542,1,1
16018.9463,,0,350.799,295.657,338.636,302.462,294.549,300.675,-49.2015,-3.34265,1,1
16095.9464,,0,352.458,295.094,340.418,302.034,296.268,300.732,-47.5417,-3.90564,1,1
16172.9465,,0,367.176,295.915,354.071,302.927,311.032,302,-32.8236,-3.08475,1,1
16249.9466,,0,369.539,295.952,356.777,302.825,313.328,301.384,-30.4609,-3.04788,1,1
16326.9467,,0,371.448,296.471,358.316,303.197,315.184,301.313,-28.5515,-2.52872,1,1
16403.9468,,0,373.088,296.867,360.115,303.625,316.834,301.824,-26.9115,-2.1333,1,1
16480.9469,,0,373.127,296.361,360.009,303.091,316.864,301.222,-26.873,-2.63882,1,1
16557.947,,0,373.817,296.529,360.412,303.334,317.587,301.763,-26.1829,-2.47101,1,1
16635471,,0,373.985,295.847,360.699,302.648,317.752,301.043,-26.0152,-3.1528,1,1
16712472,,0,374.896,296.049,361.523,302.874,318.674,301.363,-25.1038,-2.95132,1,1
16789473,,0,374.773,295.951,361.589,302.832,318.572,301.482,-25.2271,-3.04935,1,1
16867474,,0,374.989,296.06,361.612,302.896,318.771,301.422,-25.0114,-2.94034,1,1
16944475,,0,375.475,296.36,361.946,303.025,319.195,301.019,-24.5247,-2.63992,1,1
17021476,,0,376.45,296.453,362.907,303.179,320.192,301.372,-23.5501,-2.54657,1,1
17098477,,0,376.624,296.623,362.938,303.355,320.371,301.593,-23.3757,-2.37695,1,1
17175478,,0,376.088,296.035,362.42,302.554,319.762,300.105,-23.9123,-2.96472,1,1
17252479,,0,376.745,295.692,363.128,302.34,320.46,300.294,-23.2547,-3.30756,1,1
17329480,,0,377.017,295.954,363.064,302.254,320.637,299.18,-22.9828,-3.0455,1,1
17406481,,0,377.049,296.126,363.128,302.549,320.699,299.856,-22.9511,-2.87372,1,1
17483482,,0,377.627,296.239,363.833,302.547,321.246,299.45,-22.3727,-2.76108,1,1
17599483,,0,377.608,296.522,363.348,302.626,321.191,299.036,-22.3921,-2.47787,1,1
17676484,,0,379.196,296.063,364.883,302.021,322.756,297.997,-20.8042,-2.93661,1,1
17753485,,0,382.932,295.387,369.376,301.882,326.596,299.325,-17.0682,-3.61334,1,1
17830486,,0,389.468,295.526,376.905,302.185,333.168,299.945,-10.5325,-3.47379,1,1
17906487,,0,392.718,294.563,380.392,301.371,336.473,299.628,-7.28192,-4.4368,1,1
17983488,,0,395.943,294.236,384.432,301.159,339.736,299.71,-4.05698,-4.76413,1,1
18059489,,0,398.136,294.848,386.552,301.802,341.946,300.489,-1.86371,-4.15234,1,1
18135490,,0,400.908,295.159,388.669,301.819,344.603,299.508,0.908234,-3.84128,1,1
18313491,,0,402.229,294.583,389.941,301.406,345.989,299.711,2.22894,-4.41696,1,1
18389.1492,,0,402.32,293.706,390.584,300.607,346.106,299.112,2.31985,-5.29446,1,1
18466.1493,,0,402.957,294.105,391.008,300.937,346.716,299.211,2.95718,-4.89456,1,1
18542.1494,,0,403.325,294.439,391.043,301.241,347.077,299.467,3.3251,-4.56134,1,1
18619.1495,,0,403.877,294.491,391.551,301.396,347.674,300.005,3.87714,-4.509,1,1
18696.1496,,0,402.974,294.647,390.854,301.497,346.743,299.87,2.97403,-4.353,1,1
18773.1497,,0,403.417,293.831,391.503,300.674,347.18,298.984,3.41684,-5.16867,1,1
18849.1498,,0,403.796,293.722,391.965,300.686,347.614,299.444,3.79633,-5.27774,1,1
18926.1499,,0,403.722,293.863,391.359,300.662,347.474,298.895,3.72235,-5.13727,1,1
19002.15,,0,403.701,294.043,391.453,300.837,347.448,299.027,3.70059,-4.9574,1,1
19078.1501,,0,403.979,294.424,391.454,301.17,347.712,299.24,3.97906,-4.57605,1,1
19154.1502,,0,403.346,294.495,391.593,301.435,347.151,300.093,3.34561,-4.50543,1,1
19251.1503,,0,404.384,294.782,391.849,301.569,348.134,299.787,4.3844,-4.21765,1,1
19328.1504,,0,404.561,293.728,392.12,300.567,348.331,298.958,4.56134,-5.27249,1,1
19404.1505,,0,403.877,293.497,391.923,300.391,347.664,298.904,3.87695,-5.5029,1,1
19481.1506,,0,404.098,294.521,391.98,301.294,347.835,299.381,4.09799,-4.47946,1,1
19558.1507,,0,404.882,293.756,392.423,300.512,348.618,298.604,4.88211,-5.2439,1,1
19634.1508,,0,404.29,293.585,392.246,300.491,348.084,299.065,4.28986,-5.41547,1,1
19711.1509,,0,404.661,293.354,392.763,300.225,348.436,298.638,4.6608,-5.64603,1,1
19787.151,,0,404.082,294.878,391.957,301.709,347.843,300.01,4.0817,-4.12201,1,1
19864.1511,,0,404.595,294.46,392.325,301.121,348.291,298.821,4.59494,-4.54034,1,1
19940.1512,,0,403.943,294.88,391.812,301.686,347.693,299.896,3.9426,-4.11963,1,1
20017.1513,,0,404.279,294.039,392.149,300.793,348.008,298.812,4.27902,-4.96127,1,1
20094.1514,,0,404.524,293.708,392.52,300.716,348.366,299.661,4.52432,-5.29175,1,1
20171.2515,,0,404.104,293.971,391.895,300.812,347.871,299.17,4.10413,-5.02908,1,1
20247.2516,,0,404.365,293.639,392.568,300.635,348.199,299.516,4.36502,-5.36136,1,1
20324.2517,,0,404.704,293.414,392.696,300.372,348.522,299.136,4.70432,-5.58615,1,1
20401.2518,,0,403.882,294.666,391.851,301.498,347.642,299.788,3.88199,-4.3338,1,1
20478.2519,,0,404.342,294.258,392.247,300.977,348.056,298.856,4.34152,-4.74234,1,1
20555.252,,0,404.434,294.466,392.33,301.306,348.199,299.641,4.43405,-4.53391,1,1
20631.2521,,0,404.997,294.374,392.619,301.229,348.773,299.666,4.99741,-4.62573,1,1
