TimeStamp	Fig_No	robotID	robotPosX	robotPosY	robotPos_RX	robotPos_RY	robotPos_BX	robotPos_BY	robotErrorX	robotErrorY	Zone	GoalIndex	PhaseX	PhaseY	
1	0	0	454	516	459.56	509.114	451.973	502.272	244	-2	3	0	0	0	
58.0033	1	0	451.805	515.848	459.155	510.893	452.073	501.973	241.805	-2.15234	3	0	0	0	
114.007	2	0	454.419	516.103	459.817	509.104	451.676	502.5	244.419	-1.89655	3	0	15	0	
210.012	3	0	451.247	515.465	458.192	509.996	451.234	501.588	241.247	-2.53503	3	0	15	0	
266.015	4	0	452.833	515.145	460.656	510.389	451.166	501.368	242.833	-2.85504	3	0	14	0	
362.021	5	0	452.679	515.439	459.594	509.884	451.67	501.599	242.679	-2.56116	3	0	14	0	
419.024	6	0	452.54	515.566	458.988	509.523	451.757	501.711	242.54	-2.43414	3	0	13	0	
515.029	7	0	453.253	516.182	459.204	509.648	451.484	502.419	243.253	-1.81763	3	0	13	0	
571.033	8	0	453.603	515.813	459.144	508.924	451.214	502.143	243.603	-2.18744	3	0	12	0	
667.038	9	0	454.061	516.508	459.317	509.372	451.704	502.832	244.061	-1.49249	3	0	12	0	
723.041	10	0	453.155	515.446	459.112	508.918	451.005	501.737	243.155	-2.55365	3	0	11	0	
819.047	11	0	454.361	514.914	460.577	508.492	450.779	501.507	244.361	-3.08643	3	0	11	0	
875.05	12	0	451.856	515.797	457.959	509.355	451.434	501.927	241.856	-2.20264	3	0	10	0	
971.056	13	0	454.893	515.46	459.764	508.063	451.707	501.953	244.893	-2.54041	3	0	10	0	
1029.06	14	0	456.378	515.058	459.941	506.884	451.808	501.955	246.378	-2.94171	3	0	9	0	
1125.06	15	0	454.333	514.785	460.498	508.381	451.273	501.249	244.333	-3.21539	3	0	9	0	
1181.07	16	0	454.523	515.34	459.083	507.71	451.31	501.84	244.523	-2.66022	3	0	8	0	
1277.07	17	0	456.43	514.7	460.697	506.959	451.573	501.701	246.43	-3.2998	3	0	8	0	
1333.08	18	0	454.066	515.713	458.658	508.028	451.559	502.064	244.066	-2.28699	3	0	7	0	
1429.08	19	0	453.045	515.583	458.451	508.546	451.184	501.831	243.045	-2.4173	3	0	7	0	
1485.08	20	0	453.27	515.405	458.415	508.175	450.905	501.731	243.27	-2.59521	3	0	6	0	
1581.09	21	0	453.184	515.314	458.533	508.217	451.408	501.551	243.184	-2.68628	3	0	6	0	
1637.09	22	0	452.166	515.704	458.497	509.539	451.07	501.871	242.166	-2.29584	3	0	5	0	
1733.1	23	0	451.905	515.985	458.34	509.925	451.282	502.122	241.905	-2.0152	3	0	5	0	
1789.1	24	0	452.626	515.774	459.38	510.062	451.859	501.918	242.626	-2.22614	3	0	4	0	
1885.11	25	0	453.987	515.348	459.477	508.412	451.672	501.665	243.987	-2.65222	3	0	4	0	
1941.11	26	0	452.711	515.544	459.512	509.872	451.749	501.7	242.711	-2.4563	3	0	3	0	
2037.12	27	0	454.312	515.053	459.012	507.515	451.278	501.512	244.312	-2.94653	3	0	3	0	
2093.12	28	0	453.147	514.661	458.478	507.563	451.184	500.923	243.147	-3.33942	3	0	2	0	
2189.13	29	0	452.041	515.055	458.931	509.482	451.144	501.207	242.041	-2.94501	3	0	2	0	
2245.13	30	0	451.547	515.059	458.692	509.77	450.78	501.203	241.547	-2.9411	3	0	1	0	
2341.13	31	0	453.108	515.057	458.826	508.296	451.518	501.271	243.108	-2.94312	3	0	1	0	
2397.14	32	0	453.034	515.714	458.264	508.526	451.059	501.978	243.034	-2.28632	3	0	0	0	
2493.14	33	0	452.942	515.953	458.123	508.703	451.134	502.195	242.942	-2.04675	3	0	0	0	
2549.15	34	0	453.856	516.265	459.642	509.583	451.768	502.546	243.856	-1.73535	3	0	15	0	
2645.15	35	0	454.952	515.877	458.984	507.882	451.494	502.438	244.952	-2.12329	3	0	15	0	
2701.15	36	0	452.878	516.247	458.838	509.678	452.078	502.394	242.878	-1.75262	3	0	14	0	
2797.16	37	0	453.188	515.701	459.639	509.645	451.602	501.915	243.188	-2.29852	3	0	14	0	
2853.16	38	0	453.871	515.644	459.166	508.56	451.13	502.041	243.871	-2.35602	3	0	13	0	
2949.17	39	0	454.085	515.774	459.383	508.662	451.931	502.065	244.085	-2.22632	3	0	13	0	
3005.17	40	0	449.787	515.238	456.962	510.076	451.028	501.416	239.787	-2.76245	3	0	12	0	
3101.18	41	0	452.405	515.143	457.2	507.511	450.721	501.368	242.405	-2.85718	3	0	12	0	
3157.18	42	0	448.674	515.127	454.733	508.315	449.99	501.313	238.674	-2.87262	3	0	11	0	
3253.19	43	0	444.725	513.922	452.449	509.162	449.7	500.968	234.725	-4.07764	3	0	11	0	
3310.19	44	0	446.746	515.483	453.185	508.769	449.529	501.888	236.746	-2.51697	3	0	10	0	
3406.19	45	0	441.829	513.102	450.302	510.018	448.977	501.208	231.829	-4.89789	3	0	10	0	
3462.2	46	0	441	511.913	449.702	509.622	449.09	500.639	231	-6.08673	3	0	9	1	
3558.2	47	0	438.753	512.065	447.577	509.231	447.538	501.323	228.753	-5.93451	3	0	9	1	
3614.21	48	0	438.933	510.312	447.871	508.378	448.264	500.04	228.933	-7.68787	3	0	8	2	
3710.21	49	0	435.706	507.95	444.861	508.83	447.86	501.253	225.706	-10.0501	3	0	8	2	
3766.22	50	0	435.318	507.784	443.562	511.021	447.869	501.864	225.318	-10.216	3	0	7	3	
3862.22	51	0	433.64	506.269	441.087	511.053	447.075	502.796	223.64	-11.731	3	0	7	3	
3918.22	52	0	433.831	506.181	442.257	509.692	447.336	502.989	223.831	-11.8194	3	0	6	4	
4014.23	53	0	433.383	506.815	441.893	510.329	446.971	503.996	223.383	-11.1849	3	0	6	4	
4070.23	54	0	433.211	504.297	439.653	510.623	447.016	505.71	223.211	-13.7028	3	0	5	5	
4166.24	55	0	433.033	503.897	437.812	511.334	446.764	505.908	223.033	-14.1027	3	0	5	5	
4222.24	56	0	431.745	507.994	436.87	515.211	445.62	508.228	221.745	-10.0056	3	0	4	6	
4318.25	57	0	432.174	506.219	436.628	513.877	445.673	509.437	222.174	-11.7805	3	0	4	6	
4374.25	58	0	429.873	507.622	434.409	515.245	443.352	510.922	219.873	-10.378	3	0	3	7	
4470.26	59	0	429.336	510.871	434.465	518.154	442.926	513.676	219.336	-7.12943	3	0	3	7	
4526.26	60	0	427.734	512.601	432.721	519.933	441.397	515.026	217.734	-5.39862	3	0	2	8	
4622.26	61	0	427.388	513.844	431.766	521.581	440.708	517.738	217.388	-4.15619	3	0	2	8	
4678.27	62	0	426.377	515.814	430.234	523.765	439.884	518.998	216.377	-2.18579	3	0	1	8	
4774.27	63	0	424.439	518.568	427.567	526.878	437.94	521.774	214.439	0.567932	3	0	1	8	
4830.28	64	0	424.587	518.388	428.728	526.207	438.021	521.865	214.587	0.387573	3	0	0	8	
4926.28	65	0	423.617	519.829	428.148	527.449	437.117	523.039	213.617	1.8288	3	0	0	8	
4982.28	66	0	423.114	521.194	427.566	528.849	436.631	524.337	213.114	3.19415	3	0	15	8	
5078.29	67	0	422.44	520.071	425.519	528.359	435.402	525.025	212.44	2.07092	3	0	15	8	
5134.29	68	0	422.79	519.255	426.132	527.505	435.427	524.988	212.79	1.2547	3	0	14	8	
5230.3	69	0	422.093	520.592	424.676	529.052	434.65	526.498	212.093	2.59155	3	0	14	8	
5286.3	70	0	422.45	519.443	423.046	528.274	434.157	526.895	212.45	1.44293	3	0	13	8	
5382.31	71	0	421.393	520.118	423.553	528.784	432.915	527.853	211.393	2.11816	3	0	13	8	
5438.31	72	0	420.879	520.625	423.731	529.259	432.261	528.563	210.879	2.62512	3	0	12	8	
5534.32	73	0	420.399	521.159	423.957	529.872	431.414	529.599	210.399	3.1593	3	0	12	8	
5590.32	74	0	420.058	520.147	417.983	528.911	430.411	529.388	210.058	2.14722	3	0	11	8	
5686.33	75	0	418.009	521.573	419.146	530.36	429.188	529.795	208.009	3.57257	3	0	11	8	
5742.33	76	0	418.902	521.04	416.503	529.741	429.011	530.547	208.902	3.04047	3	0	10	8	
5838.33	77	0	418.002	522.196	417.851	531.048	429.071	530.566	208.002	4.19604	3	0	10	8	
5894.34	78	0	417.13	521.812	416.31	530.658	427.919	530.539	207.13	3.81165	3	0	9	8	
5990.34	79	0	416.518	522.087	412.145	530.4	425.894	532.318	206.518	4.08728	3	0	9	8	
6046.35	80	0	416.641	521.741	412.566	530.108	426.062	531.93	206.641	3.74078	3	0	8	8	
6142.35	81	0	415.176	522.844	412.595	531.537	425.304	532.33	205.176	4.84369	3	0	8	8	
6198.35	82	0	414.221	523.166	411.562	531.85	424.327	532.676	204.221	5.16644	3	0	7	7	
6294.36	83	0	412.491	522.722	410.746	531.526	423.014	531.768	202.491	4.72192	3	0	7	7	
6350.36	84	0	413.748	522.163	409.368	530.32	422.587	532.861	203.748	4.1629	3	0	6	6	
6446.37	85	0	411.45	522.752	408.002	531.388	421.567	532.25	201.45	4.75183	3	0	6	6	
6502.37	86	0	411.439	523.161	406.121	531.624	421.447	532.774	201.439	5.16113	3	0	5	5	
6598.38	87	0	409.566	522.043	404.973	530.554	419.558	531.672	199.566	4.04285	3	0	5	5	
6654.38	88	0	410.811	520.365	406.345	528.332	418.933	531.617	200.811	2.3645	3	0	4	5	
6750.39	89	0	409.532	518.976	404.684	526.589	416.402	531.033	199.532	0.976013	3	0	4	5	
6806.39	90	0	408.244	519.586	402.619	526.979	415.421	531.462	198.244	1.58563	3	0	3	5	
6902.39	91	0	406.661	518.641	401.462	526.17	413.776	530.555	196.661	0.640991	3	0	3	5	
6958.4	92	0	405.579	519.509	399.929	527.198	413.793	530.694	195.579	1.50873	3	0	2	5	
7054.4	93	0	403.62	518.499	400.079	526.672	411.416	529.98	193.62	0.499329	3	0	2	5	
7110.41	94	0	404.497	518.113	399.375	525.561	411.031	530.355	194.497	0.11261	3	0	1	5	
7206.41	95	0	402.979	517.828	398.09	525.446	409.971	529.815	192.979	-0.171692	3	0	1	5	
7262.42	96	0	402.045	519.103	394.244	525.755	409.267	530.952	192.045	1.10278	3	0	0	5	
7358.42	97	0	399.33	518.541	393.177	525.874	406.897	530.174	189.33	0.54126	3	0	0	5	
7414.42	98	0	398.533	518.794	392.233	525.996	405.851	530.584	188.533	0.793518	3	0	15	5	
7510.43	99	0	398.258	519.353	392.236	526.712	405.781	531.013	188.258	1.35254	3	0	15	5	
7566.43	100	0	396.777	519.066	390.564	526.418	404.457	530.625	186.777	1.06641	3	0	14	5	
7662.44	101	0	395.719	518.749	390.104	526.264	403.336	530.348	185.719	0.748779	3	0	14	5	
7718.44	102	0	395.258	519.114	389.779	526.71	403.015	530.62	185.258	1.11377	3	0	13	5	
7814.45	103	0	393.53	518.162	388.663	525.981	401.47	529.543	183.53	0.16217	3	0	13	5	
7870.45	104	0	393.826	518.001	389.89	526.053	401.59	529.502	183.826	0.000549316	3	0	12	5	
7966.46	105	0	392.353	517.83	386.898	525.276	399.503	529.723	182.353	-0.170105	3	0	12	5	
8022.46	106	0	389.477	519.197	385.302	527.163	397.141	530.765	179.477	1.19653	3	0	11	5	
8118.46	107	0	390.022	518.054	383.51	524.945	396.6	530.273	180.022	0.0543213	3	0	11	5	
8174.47	108	0	386.871	517.977	381.65	525.397	393.473	530.183	176.871	-0.0231323	3	0	10	5	
8270.47	109	0	385.941	519.869	379.749	527.316	393.873	531.255	175.941	1.86877	3	0	10	5	
8326.48	110	0	385.129	519.551	379.603	526.889	391.919	531.654	175.129	1.55145	3	0	9	5	
8422.48	111	0	383.496	519.057	376.617	525.659	389.649	531.495	173.496	1.05682	3	0	9	5	
8478.48	112	0	383.274	518.628	375.547	524.843	389.408	531.075	173.274	0.627625	3	0	8	5	
8574.49	113	0	381.635	519.47	374.617	525.813	387.159	532.201	171.635	1.47034	3	0	8	5	
8630.49	114	0	379.887	519.189	373.05	525.951	386.476	531.402	169.887	1.18927	3	0	7	5	
8726.5	115	0	378.666	519.804	372.137	526.578	384.873	532.215	168.666	1.80371	3	0	7	5	
8782.5	116	0	377.421	520.384	370.159	526.986	384.043	532.579	167.421	2.38385	3	0	6	5	
8878.51	117	0	375.363	519.744	369.013	526.695	381.923	531.972	165.363	1.74408	3	0	6	5	
8934.51	118	0	373.908	520.415	367.218	527.399	380.981	532.354	163.908	2.41516	3	0	5	5	
9032.52	119	0	373.361	519.879	366.022	526.433	379.938	532.099	163.361	1.87946	3	0	5	5	
9088.52	120	0	372.387	519.793	365.644	526.169	377.501	532.693	162.387	1.7926	3	0	4	5	
9184.53	121	0	370.235	519.322	363.502	525.622	375.014	532.35	160.235	1.32184	3	0	4	5	
9240.53	122	0	369.343	518.947	362.411	525.322	374.826	531.695	159.343	0.946655	3	0	3	5	
9336.53	123	0	368.338	519.356	361.394	525.647	373.542	532.22	158.338	1.35614	3	0	3	5	
9392.54	124	0	367.459	518.854	360.284	525.212	373.281	531.45	157.459	0.853699	3	0	2	5	
9488.54	125	0	365.666	519.187	358.398	525.415	371.226	531.901	155.666	1.18701	3	0	2	5	
9544.55	126	0	364.76	518.687	357.384	524.955	370.6	531.275	154.76	0.686584	3	0	1	5	
9684.55	127	0	363.056	519.174	355.378	525.316	368.943	531.74	153.056	1.17401	3	0	1	5	
9740.56	128	0	361.988	518.561	354.448	524.52	367.166	531.435	151.988	0.56073	3	0	0	5	
9836.56	129	0	362.15	518.562	354.488	524.511	367.49	531.37	152.15	0.562012	3	0	0	5	
9892.57	130	0	359.509	518.853	352.82	525.477	365.445	531.396	149.509	0.8526	3	0	15	5	
9988.57	131	0	357.026	519.717	349.728	526.334	363.727	531.868	147.026	1.71667	2	0	15	5	
10044.6	132	0	357.079	519.502	347.983	525.118	363.245	531.933	147.079	1.50177	2	0	14	5	
10140.6	133	0	355.766	518.621	347.979	524.402	360.82	531.545	145.766	0.621094	2	0	14	5	
10196.6	134	0	353.479	518.816	345.963	524.97	359.186	531.465	143.479	0.815674	2	0	13	5	
10292.6	135	0	351.281	518.708	344.122	524.763	356.069	531.733	141.281	0.708435	2	0	13	5	
10348.6	136	0	349.51	518.752	342.007	524.739	354.712	531.617	139.51	0.751953	2	0	12	5	
10444.6	137	0	348.115	518.608	339.465	523.934	353.226	531.509	138.115	0.608032	2	0	12	5	
10500.6	138	0	347.02	518.112	338.064	523.12	351.815	531.134	137.02	0.111572	2	0	11	5	
10596.6	139	0	344.455	517.745	335.779	523.282	350.062	530.439	134.455	-0.254822	2	0	11	5	
10652.6	140	0	343.646	518.064	336.028	523.968	348.788	530.953	133.646	0.0635986	2	0	10	5	
10748.6	141	0	340.801	517.973	332.894	524.414	347.646	530.044	130.801	-0.0271606	2	0	10	5	
10804.6	142	0	341.558	518.692	332.835	524.293	347.349	531.303	131.558	0.692139	2	0	9	5	
10900.6	143	0	338.491	518.317	330.741	524.785	345.26	530.431	128.491	0.317261	2	0	9	5	
10956.6	144	0	338.003	517.912	330.784	524.488	344.508	530.17	128.003	-0.0875854	2	0	8	5	
11052.6	145	0	338.525	518.339	330.939	524.695	344.861	530.685	128.525	0.338806	2	0	8	5	
11108.6	146	0	339.291	517.778	331.369	523.809	345.188	530.34	129.291	-0.221558	2	0	7	5	
11204.6	147	0	339.066	518.132	332.055	524.517	344.717	530.807	129.066	0.132019	2	0	7	5	
11260.6	148	0	338.806	517.434	331.258	523.603	344.599	530.043	128.806	-0.566406	2	0	6	5	
11356.6	149	0	337.344	517.786	330.154	524.127	343.134	530.397	127.344	-0.214417	2	0	6	5	
11412.7	150	0	336.923	518.045	328.692	523.646	342.144	530.902	126.923	0.045166	2	0	5	5	
11508.7	151	0	335.657	516.768	328.328	522.581	339.946	529.966	125.657	-1.23206	2	0	5	5	
11564.7	152	0	335.33	517.895	327.129	523.24	339.852	531.014	125.33	-0.105103	2	0	4	5	
11660.7	153	0	331.753	517.931	323.224	523.189	336.548	530.953	121.753	-0.069397	2	0	4	5	
11716.7	154	0	331.413	517.997	323.246	523.362	335.932	531.118	121.413	-0.00274658	2	0	3	5	
11812.7	155	0	330.017	517.717	321.278	522.551	334.11	530.977	120.017	-0.282654	2	0	3	5	
11868.7	156	0	329.567	517.354	321.031	522.576	334.289	530.402	119.567	-0.646423	2	0	2	5	
11964.7	157	0	328.263	517.326	319.319	521.988	332.274	530.611	118.263	-0.674133	2	0	2	5	
12020.7	158	0	328.115	517.137	319.06	521.226	330.985	530.714	118.115	-0.862793	2	0	1	5	
12116.7	159	0	324.737	517.266	316.897	522.825	329.243	530.391	114.737	-0.734497	2	0	1	5	
12172.7	160	0	324.837	517.111	316.994	522.535	328.938	530.368	114.837	-0.889038	2	0	0	5	
12268.7	161	0	323.109	517.06	315.115	522.186	326.605	530.49	113.109	-0.939575	2	0	0	5	
12324.7	162	0	322.711	517.217	314.671	522.252	326.026	530.692	112.711	-0.782837	2	0	15	5	
12420.7	163	0	322.022	517.458	313.394	522.143	325.561	530.876	112.022	-0.542297	2	0	15	5	
12476.7	164	0	319.894	517.534	311.487	522.203	322.945	531.071	109.894	-0.465881	2	0	14	5	
12572.7	165	0	320.611	517.385	311.964	521.792	323.466	530.965	110.611	-0.614807	2	0	14	5	
12628.7	166	0	317.588	517.5	310.022	523.078	321.592	530.786	107.588	-0.500427	2	0	13	5	
12724.7	167	0	317.833	517.663	309.5	522.076	319.949	531.377	107.833	-0.337402	2	0	13	5	
12780.7	168	0	315.744	517.486	307.871	522.716	319.294	530.901	105.744	-0.514343	2	0	12	5	
12876.7	169	0	314.331	517.251	307.723	523.256	316.962	530.876	104.331	-0.748657	2	0	12	5	
12932.7	170	0	313.848	516.837	307.12	522.791	316.806	530.395	103.848	-1.16266	2	0	11	5	
13028.7	171	0	312.176	517.239	304.859	522.736	315.164	530.79	102.176	-0.760986	2	0	11	5	
13084.7	172	0	310.777	516.923	302.537	522.005	314.653	530.247	100.777	-1.07727	2	0	10	5	
13180.8	173	0	310.322	517.135	301.764	521.723	313.472	530.65	100.322	-0.86499	2	0	10	5	
13236.8	174	0	310.516	516.341	302.213	520.795	312.677	530.048	100.516	-1.65912	2	0	9	5	
13332.8	175	0	309.444	516.56	301.201	521.006	311.403	530.298	99.4436	-1.43976	2	0	9	5	
13388.8	176	0	307.693	517.021	299.968	522.282	310.981	530.502	97.6925	-0.979431	2	0	8	5	
13484.8	177	0	307.412	515.971	300.024	521.23	309.554	529.681	97.4119	-2.02948	2	0	8	5	
13540.8	178	0	306	516.621	298.642	521.865	307.916	530.365	95.9998	-1.37866	2	0	7	5	
13636.8	179	0	304.426	516.619	296.248	521.282	306.906	530.273	94.4261	-1.38092	2	0	7	5	
13692.8	180	0	303.202	516.669	296.681	522.735	305.737	530.312	93.2022	-1.33118	2	0	6	5	
13788.8	181	0	299.649	516.866	292.483	522.73	303.73	530.13	89.6489	-1.13367	2	0	6	5	
13845.8	182	0	298.979	517.322	292.466	523.731	303.665	530.384	88.9795	-0.678162	2	0	5	5	
13941.8	183	0	299.046	516.533	292.429	522.757	303.124	529.797	89.046	-1.4671	2	0	5	5	
13997.8	184	0	296.517	516.885	290.025	523.206	300.681	530.122	86.5169	-1.11542	2	0	4	5	
14093.8	185	0	293.974	516.723	286.288	522.4	298.549	529.824	83.9739	-1.2771	2	0	4	5	
14149.8	186	0	294.642	515.479	287.481	521.079	297.537	529.05	84.6417	-2.52124	2	0	3	5	
14245.8	187	0	292.835	513.399	284.083	517.652	295.51	527.015	82.8352	-4.6012	2	0	3	5	
14301.8	188	0	292.641	511.314	283.96	515.419	294.76	525.028	82.6411	-6.6864	2	0	2	6	
14397.8	189	0	291.213	509.858	281.275	512.308	292.325	523.691	81.2131	-8.1416	2	0	2	6	
14453.8	190	0	289.625	510.171	279.488	513.008	291.794	523.877	79.6249	-7.82941	2	0	1	7	
14549.8	191	0	288.754	508.848	278.984	511.755	290.425	522.624	78.7542	-9.1517	2	0	1	7	
14605.8	192	0	287.882	509.183	278.89	512.666	289.146	523.002	77.8825	-8.81732	2	0	0	8	
14701.8	193	0	286.737	508.764	276.321	511.473	289.107	522.437	76.7374	-9.23596	2	0	0	8	
14757.8	194	0	286.19	509.537	276.415	512.459	287.899	523.308	76.1902	-8.46298	2	0	15	9	
14853.8	195	0	283.506	509.645	274.684	513.858	286.224	523.254	73.5063	-8.35464	2	0	15	9	
14909.9	196	0	282.125	509.9	273.666	514.642	285.493	523.362	72.1255	-8.10007	2	0	14	10	
15005.9	197	0	280.056	511.396	271.721	516.26	283.509	524.836	70.056	-6.6044	2	0	14	10	
15061.9	198	0	278.68	511.022	270.579	516.252	282.708	524.302	68.6798	-6.97794	2	0	13	11	
15157.9	199	0	278.325	511.006	270.534	516.091	281.167	524.589	68.3253	-6.99432	2	0	13	11	
15213.9	200	0	276.218	511.218	267.131	515.778	280.213	524.508	66.2182	-6.78183	2	0	12	12	
15309.9	201	0	276.819	512.049	268.674	516.542	278.633	525.807	66.8193	-5.9505	2	0	12	12	
15365.9	202	0	275.519	512.29	267.114	516.762	278.002	525.943	65.5189	-5.70972	2	0	11	13	
15461.9	203	0	273.068	513.398	264.609	518.019	276.103	526.939	63.0685	-4.60168	2	0	11	13	
15517.9	204	0	271.702	514.079	263.759	519.347	275.528	527.418	61.7015	-3.92133	2	0	10	13	
15613.9	205	0	270.726	514.831	262.224	519.609	274.272	528.247	60.7259	-3.16949	2	0	10	13	
15669.9	206	0	270.755	515.847	262.356	520.475	273.677	529.413	60.7553	-2.15271	2	0	9	13	
15765.9	207	0	269.574	516.411	260.567	520.522	272.406	529.996	59.5739	-1.58899	2	0	9	13	
15821.9	208	0	266.906	516.787	258.332	521.966	271.578	529.854	56.9065	-1.21332	2	0	8	13	
15917.9	209	0	268.011	517.14	258.762	520.827	270.331	530.821	58.0115	-0.860291	2	0	8	13	
15973.9	210	0	266.218	516.308	258.051	520.96	268.636	529.972	56.2183	-1.6922	2	0	7	13	
16069.9	211	0	264.887	517.011	255.261	520.859	268.186	530.49	54.8869	-0.988892	2	0	7	13	
16125.9	212	0	263.646	517.297	255.613	522.624	267.827	530.529	53.6459	-0.703308	2	0	6	13	
16221.9	213	0	263.319	517.326	255.779	522.761	266.74	530.774	53.3185	-0.674133	2	0	6	13	
16277.9	214	0	262.252	517.754	253.758	522.139	264.702	531.413	52.2519	-0.246399	2	0	5	13	
16373.9	215	0	259.658	518.438	251.742	523.807	263.736	531.702	49.6581	0.437805	2	0	5	13	
16429.9	216	0	260.565	518.641	252.497	523.313	262.761	532.343	50.5655	0.640808	2	0	4	13	
16525.9	217	0	258.066	518.709	250.189	523.654	260.649	532.343	48.0659	0.70874	2	0	4	13	
16581.9	218	0	255.267	518.834	247.556	524.395	259.527	532.041	45.2673	0.834473	2	0	3	13	
16678	219	0	253.903	519.077	246.513	524.811	258.046	532.321	43.9027	1.07715	2	0	3	13	
16734	220	0	253.368	518.717	244.422	523.663	258.014	531.793	43.3682	0.716614	2	0	2	13	
16830	221	0	253.547	518.611	245.919	523.651	255.66	532.326	43.5467	0.610657	2	0	2	13	
16886	222	0	251.028	519.117	242.13	524.004	255.478	532.261	41.0284	1.11694	2	0	1	13	
16982	223	0	248.354	518.82	240.519	524.449	253.051	531.877	38.3535	0.819763	2	0	1	13	
17038	224	0	249.509	518.888	241.715	524.25	253.309	532.234	39.5087	0.887756	2	0	0	13	
17134	225	0	248.799	518.732	240.698	523.522	251.486	532.346	38.799	0.73175	2	0	0	13	
17190	226	0	248.332	518.957	239.732	523.366	251.09	532.557	38.3316	0.956909	2	0	15	13	
17286	227	0	245.03	519.507	237.045	525.098	249.868	532.513	35.03	1.50671	2	0	15	13	
17342	228	0	243.983	518.964	235.378	524.115	248.631	532.039	33.9828	0.96405	2	0	14	13	
17506	229	0	244.412	518.808	236.932	523.932	246.288	532.558	34.412	0.808167	2	0	14	13	
17562	230	0	240.276	519.49	232.489	525.246	245.259	532.442	30.2758	1.49048	2	0	13	13	
17658	231	0	239.716	518.323	232.031	523.735	243.431	531.693	29.7164	0.322815	2	0	13	13	
17714	232	0	238.109	518.625	230.216	524.199	242.75	531.703	28.1091	0.624695	2	0	12	13	
17810	233	0	237.818	518.828	230.759	524.48	240.557	532.432	27.8179	0.82782	2	0	12	13	
17866	234	0	238.382	519.048	230.428	524.053	241.388	532.596	28.3817	1.04834	2	0	11	13	
17962	235	0	236.462	518.013	227.986	522.574	239.367	531.583	26.4622	0.0133057	2	0	11	13	
18018	236	0	236.449	518.003	227.693	522.094	238.708	531.694	26.4489	0.00256348	2	0	10	13	
18114	237	0	233.636	518.097	223.358	521.518	237.037	531.55	23.6359	0.0966797	2	0	10	13	
18170	238	0	234.129	517.737	224.441	521.145	236.649	531.383	24.129	-0.263428	2	0	9	13	
18266	239	0	232.285	518.709	221.996	521.522	234.646	532.384	22.2854	0.709229	2	0	9	13	
18322	240	0	230.219	518.802	220.664	523.078	234.27	532.074	20.2188	0.801575	2	0	8	13	
18418.1	241	0	230.386	518.719	222.698	523.727	232.589	532.42	20.3859	0.719055	2	0	8	13	
18474.1	242	0	228.444	518.714	217.899	521.979	231.911	532.151	18.4444	0.714417	2	0	7	13	
18570.1	243	0	228.468	518.747	219.118	522.171	230.398	532.489	18.4683	0.747314	2	0	7	13	
18626.1	244	0	227.728	518.755	217.968	522.101	230.241	532.403	17.7277	0.75531	2	0	6	13	
18722.1	245	0	226.343	518.724	216.097	521.616	228.777	532.385	16.3426	0.723572	2	0	6	13	
18778.1	246	0	226.024	518.497	217.062	521.813	226.779	532.353	16.0242	0.496887	2	0	5	13	
18874.1	247	0	223.036	518.543	214.007	522.738	226.11	532.075	13.0365	0.542847	2	0	5	13	
18930.1	248	0	220.824	518.171	212.807	523.043	223.555	531.776	10.8242	0.170593	2	0	4	13	
19026.1	249	0	220.391	518.241	211.517	522.705	223.824	531.686	10.3911	0.240662	2	0	4	13	
19082.1	250	0	219.217	517.784	210.459	521.809	221.305	531.503	9.21687	-0.216125	2	0	3	13	
19178.1	251	0	216.645	518.743	207.866	522.997	219.376	532.348	6.64503	0.74292	2	0	3	13	
19234.1	252	0	215.927	518.538	206.445	522.41	219.053	532.058	5.92697	0.538147	2	0	2	13	
19330.1	253	0	216.061	518.322	207.062	522.052	217.953	532.069	6.0609	0.321777	2	0	2	13	
19386.1	254	0	217.076	518.391	208.278	521.322	216.233	532.242	7.07625	0.390747	2	0	1	13	
19482.1	255	0	214.347	518.331	205.169	521.175	214.536	532.207	4.34724	0.330872	2	0	1	13	
19538.1	256	0	213.29	518.076	204.759	521.869	214.074	531.93	3.28976	0.0756226	2	0	1	13	
19614.1	257	0	211.659	517.76	202.392	521.153	213.344	531.534	1.65855	-0.240356	2	1	1	13	
19671.1	258	0	211.953	518.327	203.172	521.983	213.105	532.156	4.95264	307.327	2	1	0	12	
19767.1	259	0	209.524	518.114	199.792	521.522	212.116	531.746	2.52417	307.114	2	1	0	12	
19823.1	260	0	209.729	517.844	200.302	521.141	211.537	531.603	2.72868	306.844	2	1	0	11	
19919.1	261	0	209.144	518.555	199.743	521.525	210.184	532.393	2.14381	307.555	2	1	0	11	
19975.1	262	0	207.664	518.132	198.644	521.283	208.159	532	0.663574	307.132	2	1	0	10	
20071.1	263	0	207.001	516.753	197.554	519.648	207.981	530.595	0.000778198	305.753	2	1	0	10	
20127.2	264	0	205.511	516.588	196.12	519.788	207.031	530.382	-1.48898	305.588	2	1	0	9	
20223.2	265	0	204.556	515.626	195.099	518.983	206.554	529.359	-2.44365	304.626	2	1	0	9	
20279.2	266	0	205.48	514.692	195.988	517.606	206.6	528.524	-1.52014	303.692	2	1	0	8	
20375.2	267	0	203.538	514.328	193.699	517.543	205.927	527.998	-3.46225	303.328	2	1	0	8	
20431.2	268	0	204.78	512.7	195.56	515.963	206.063	526.518	-2.21973	301.7	2	1	0	7	
20527.2	269	0	205.324	511.774	195.977	514.745	206.241	525.62	-1.67583	300.774	2	1	0	7	
20583.2	270	0	203.312	511.469	193.48	514.405	205.153	525.223	-3.68764	300.469	2	1	0	6	
20679.2	271	0	206.173	509.462	196.869	511.969	205.936	523.336	-0.827011	298.462	2	1	0	6	
20735.2	272	0	204.203	508.544	195.344	512.202	205.573	522.354	-2.79651	297.544	2	1	0	5	
20831.2	273	0	205.01	507.468	195.325	509.847	205.462	521.338	-1.98973	296.468	2	1	0	5	
20887.2	274	0	205.511	506.72	196.276	509.457	205.608	520.597	-1.48853	295.72	2	1	0	4	
20983.2	275	0	207.984	505.774	198.151	506.701	206.138	519.528	0.983658	294.774	2	1	0	4	
21039.2	276	0	206.024	504.53	196.872	507.429	206.273	518.404	-0.975723	293.53	2	1	0	3	
21135.2	277	0	205.751	503.561	196.735	506.374	205.372	517.433	-1.2489	292.561	2	1	0	3	
21191.2	278	0	207.94	502.635	198.805	504.818	206.414	516.428	0.939545	291.635	2	1	0	2	
21287.2	279	0	206.251	501.955	196.733	504.429	206.502	515.83	-0.748932	290.955	2	1	0	2	
21343.2	280	0	206.153	502.087	197.084	504.914	205.976	515.963	-0.847	291.087	2	1	0	1	
21439.2	281	0	206.248	499.72	197.274	502.714	206.202	513.597	-0.751556	288.72	2	1	0	1	
21495.2	282	0	205.684	499.794	196.233	502.421	206.096	513.665	-1.31606	288.794	2	1	0	0	
21591.2	283	0	206.172	498.588	197.625	501.99	205.754	512.459	-0.828323	287.588	2	1	0	0	
21647.2	284	0	206.65	497.897	196.847	499.439	205.79	511.747	-0.350052	286.897	2	1	0	15	
21743.2	285	0	207.481	497.272	198.35	499.342	205.671	511.03	0.48056	286.272	2	1	0	15	
21799.2	286	0	206.06	495.926	197.653	499.565	205.848	509.801	-0.939987	284.926	2	1	0	14	
21895.3	287	0	205.837	495.269	196.975	498.181	205.185	509.13	-1.16302	284.269	2	1	0	14	
21951.3	288	0	206.926	494.012	198.274	497.064	205.827	507.845	-0.0737152	283.012	2	1	0	13	
22047.3	289	0	206.063	492.467	196.676	494.814	205.706	506.339	-0.936737	281.467	2	1	0	13	
22103.3	290	0	204.15	492.541	194.848	495.596	205.148	506.382	-2.85036	281.541	2	1	0	12	
22199.3	291	0	208.138	491.791	198.19	491.341	204.618	505.214	1.13797	280.791	2	1	0	12	
22255.3	292	0	207.503	490.738	198.046	491.414	204.091	504.189	0.502808	279.738	2	1	0	11	
22351.3	293	0	208.529	489.654	198.514	488.482	204.37	502.893	1.52881	278.654	2	1	0	11	
22407.3	294	0	208.66	489.006	198.673	488.298	204.932	502.373	1.65956	278.006	2	1	0	10	
22503.3	295	0	204.886	486.585	195.785	489.354	204.669	500.46	-2.11351	275.585	2	1	0	10	
22559.3	296	0	205.93	486.229	195.669	486.815	204.58	500.041	-1.06975	275.229	2	1	0	9	
22656.3	297	0	209.601	484.72	199.697	482.518	204.255	497.525	2.60127	273.72	2	1	0	9	
22712.3	298	0	204.939	482.851	196.056	486.051	205.151	496.727	-2.06053	271.851	2	1	0	8	
22808.3	299	0	206.619	480.892	196.419	481.147	204.657	494.63	-0.380554	269.892	2	1	0	8	
22864.3	300	0	207.029	480.707	197.376	481.233	204.021	494.254	0.0290833	269.707	2	1	0	7	
22960.3	301	0	206.199	478.078	195.819	477.909	204.068	491.79	-0.800949	267.078	2	1	0	7	
23016.3	302	0	205.607	476.634	195.708	477.586	203.976	490.415	-1.39258	265.634	2	1	0	6	
23112.3	303	0	207.691	475.933	197.281	474.214	203.907	489.284	0.690536	264.933	2	1	0	6	
23168.3	304	0	209.988	476.459	199.86	472.785	204.213	489.077	2.98843	265.459	2	1	0	5	
23264.3	305	0	208.538	473.686	198.326	472.635	204.983	487.1	1.53775	262.686	2	1	0	5	
23320.3	306	0	208.987	473.361	198.66	470.501	204.106	486.351	1.98686	262.361	2	1	0	4	
23416.3	307	0	209.747	470.866	199.441	467.793	204.678	483.784	2.74651	259.866	2	1	0	4	
23472.3	308	0	209.577	470.347	199.11	468.255	205.581	483.636	2.57745	259.347	2	1	0	3	
23568.3	309	0	209.533	468.147	198.976	466.063	205.724	481.491	2.53255	257.147	2	1	0	3	
23624.4	310	0	210.235	467.277	199.923	464.924	205.699	480.392	3.23459	256.277	2	1	0	2	
23720.4	311	0	209.634	465.439	199.27	463.377	205.447	478.669	2.6337	254.439	2	1	0	2	
23777.4	312	0	211.307	465.94	200.891	461.732	205.789	478.673	4.30684	254.94	2	1	15	1	
23873.4	313	0	210.095	464.367	199.969	461.577	204.842	477.211	3.09462	253.367	2	1	15	1	
23929.4	314	0	208.357	461.624	198.636	460.902	203.875	474.757	1.35672	250.624	2	1	15	0	
24025.4	315	0	208.293	461.424	198.49	459.851	203.195	474.331	1.29337	250.424	2	1	15	0	
24081.4	316	0	207.091	460.747	196.951	459.275	202.94	473.988	0.0910645	249.747	2	1	15	15	
24177.4	317	0	206.025	460.091	196.447	460.142	202.069	473.392	-0.974716	249.091	2	1	15	15	
24233.4	318	0	206.758	459.365	196.939	457.82	201.726	472.298	-0.242432	248.365	2	1	15	14	
24329.4	319	0	207.452	458.479	197.773	456.916	202.016	471.247	0.452347	247.479	2	1	15	14	
24385.4	320	0	207.264	458.121	197.63	455.714	201.085	470.546	0.264175	247.121	2	1	15	13	
24481.4	321	0	206.456	455.846	196.806	454.488	201.117	468.655	-0.543518	244.846	2	1	15	13	
24537.4	322	0	207.007	456.246	197.396	454.84	201.506	468.986	0.00724792	245.246	2	1	15	12	
24633.4	323	0	204.499	453.294	195.156	453.863	200.486	466.578	-2.50093	242.294	2	1	15	12	
24689.4	324	0	206.633	453.237	196.807	451.171	201.193	466.004	-0.366837	242.237	2	1	15	11	
24785.4	325	0	206.712	451.524	196.645	448.942	201.473	464.374	-0.287567	240.524	2	1	15	11	
24841.4	326	0	209.587	453.357	200.404	447.984	201.421	464.577	2.5872	242.357	2	1	15	10	
24937.4	327	0	209.792	451.559	201.012	444.723	200.865	462.184	2.79164	240.559	2	1	15	10	
24993.4	328	0	211.68	452.81	204.71	441.239	201.152	461.851	4.68025	241.81	2	1	14	9	
25089.4	329	0	211.052	451.178	202.494	443.454	201.825	461.544	4.05151	240.178	2	1	14	9	
25145.4	330	0	210.315	450.222	202.052	440.378	200.855	460.375	3.31544	239.222	2	1	14	8	
25241.4	331	0	210.625	451.184	205.367	439.414	198.761	458.381	3.62529	240.184	2	1	14	8	
25297.4	332	0	210.361	449.686	203.478	439.913	199.417	458.217	3.36142	238.686	2	1	14	7	
25393.5	333	0	209.469	450.189	203.198	440.08	198.003	458.005	2.46873	239.189	2	1	14	7	
25449.5	334	0	208.818	449.345	202.741	439.9	196.962	456.556	1.81795	238.345	2	1	14	6	
25545.5	335	0	208.322	448.294	201.996	438.845	196.716	455.902	1.32173	237.294	2	1	14	6	
25601.5	336	0	206.682	446.244	198.77	439.219	196.403	455.567	-0.31842	235.244	2	1	14	5	
25697.5	337	0	202.528	441.674	193.048	438.895	195.729	453.771	-4.47206	230.674	2	1	14	5	
25753.5	338	0	201.814	441.653	192.749	437.89	193.598	452.837	-5.18605	230.653	2	1	15	4	
25849.5	339	0	201.757	439.204	192.509	435.222	193.956	450.68	-5.24277	228.204	2	1	15	4	
25905.5	340	0	202.01	438.233	192.888	432.966	193.739	449.376	-4.98964	227.233	2	1	0	3	
26001.5	341	0	201.479	436.604	191.726	431.233	194.349	448.508	-5.52054	225.604	2	1	0	3	
26057.5	342	0	202.89	437.207	193.559	431.321	194.924	448.57	-4.11046	226.207	2	1	1	2	
26153.5	343	0	203.914	434.849	194.344	429.673	196.502	446.581	-3.08636	223.849	2	1	1	2	
26209.5	344	0	204.164	435.343	194.576	429.561	196.654	447.012	-2.83621	224.343	2	1	1	1	
26305.5	345	0	203.542	433.212	193.46	426.885	196.686	445.277	-3.45842	222.212	2	1	1	1	
26361.5	346	0	204.366	432.945	194.444	426.996	197.362	444.925	-2.63437	221.945	2	1	1	0	
26457.5	347	0	205.349	433.536	195.841	426.061	197.456	444.95	-1.65063	222.536	2	1	1	0	
26513.5	348	0	205.278	432.172	195.38	426.276	198.249	444.138	-1.72232	221.172	2	1	1	15	
26609.5	349	0	205.49	431.288	195.608	424.684	198.272	443.14	-1.50967	220.288	2	1	1	15	
26665.5	350	0	205.976	431.113	196.227	424.633	198.585	442.858	-1.02379	220.113	2	1	1	14	
26761.5	351	0	205.752	429.047	195.57	423.191	199.182	441.271	-1.24838	218.047	2	1	1	14	
26817.5	352	0	205.002	428.187	194.438	422.492	199.071	440.732	-1.99767	217.187	2	1	1	13	
26913.5	353	0	204.885	427.325	194.75	421.607	198.284	439.532	-2.11507	216.325	2	1	1	13	
26969.5	354	0	204.663	426.571	193.769	421.073	199.3	439.37	-2.33717	215.571	2	1	1	12	
27065.5	355	0	204.791	425.948	194.082	420.216	199.059	438.586	-2.2093	214.948	2	1	1	12	
27121.6	356	0	204.101	424.538	193.599	419.164	198.2	437.098	-2.89903	213.538	2	1	1	11	
27217.6	357	0	203.865	422.312	194.531	418.711	196.368	433.99	-3.13521	211.312	2	1	1	11	
27273.6	358	0	205.568	422.016	196.36	417.228	197.527	433.326	-1.43237	211.016	2	1	1	10	
27369.6	359	0	205.092	418.93	195.782	415.149	197.487	430.537	-1.90811	207.93	2	1	1	10	
27425.6	360	0	204.362	419.091	194.693	412.699	196.865	430.769	-2.63776	208.091	2	1	1	9	
27521.6	361	0	203.418	415.104	193.35	411.373	197.491	427.651	-3.58237	204.104	2	1	1	9	
27577.6	362	0	204.574	414.543	194.418	406.699	197.477	426.468	-2.42632	203.543	2	1	1	8	
27673.6	363	0	205.131	413.192	194.452	404.746	198.539	425.403	-1.86853	202.192	2	1	1	8	
27729.6	364	0	206	413.084	196.609	403.408	197.773	424.259	-1.00027	202.084	2	1	1	7	
27866.6	365	0	205.83	409.664	195.843	404.625	199.204	421.857	-1.17023	198.664	2	1	1	7	
27922.6	366	0	206.421	410.346	196.034	400.989	199.321	422.269	-0.578979	199.346	2	1	1	6	
28018.6	367	0	206.746	409.306	197.228	401.892	198.874	420.734	-0.253693	198.306	2	1	1	6	
28074.6	368	0	207.116	408.796	197.71	400.326	198.99	420.046	0.115677	197.796	2	1	1	5	
28170.6	369	0	206.17	407.979	196.377	399.6	198.532	419.565	-0.829819	196.979	2	1	1	5	
28227.6	370	0	205.797	406.695	195.858	399.454	198.531	418.518	-1.2028	195.695	2	1	1	4	
28323.6	371	0	205.363	404.325	194.942	397.582	198.879	416.594	-1.63675	193.325	2	1	1	4	
28379.6	372	0	205.674	403.17	195.87	396.975	198.426	415.004	-1.3264	192.17	2	1	1	3	
28475.6	373	0	206.682	401.36	197.04	396.158	199.395	413.17	-0.318115	190.36	2	1	1	3	
28531.6	374	0	207.17	400.149	197.867	394.688	199.217	411.521	0.17041	189.149	2	1	1	2	
28627.6	375	0	206.799	399.662	197.208	393.191	199.168	411.252	-0.20076	188.662	2	1	1	2	
28683.6	376	0	207.391	398.556	197.843	391.968	199.674	410.089	0.390701	187.556	2	1	1	1	
28779.6	377	0	207.012	397.98	197.224	390.951	199.575	409.695	0.0117035	186.98	2	1	1	1	
28836.6	378	0	206.699	396.225	197.089	389.025	198.983	407.759	-0.300888	185.225	2	1	1	0	
28932.7	379	0	206.624	393.321	196.697	387.342	199.622	405.302	-0.37558	182.321	2	1	1	0	
28988.7	380	0	207.221	393.804	197.369	387.017	199.921	405.606	0.220734	182.804	2	1	1	15	
29084.7	381	0	206.925	393.895	196.901	387.289	199.916	405.872	-0.0745392	182.895	2	1	1	15	
29140.7	382	0	208.038	393.409	198.119	387.183	200.962	405.346	1.03833	182.409	2	1	1	14	
29236.7	383	0	208.04	391.873	198.404	386.043	200.6	403.587	1.0396	180.873	2	1	1	14	
29292.7	384	0	208.657	390.96	199.496	384.207	200.325	402.058	1.65656	179.96	2	1	1	13	
29388.7	385	0	208.75	388.699	199.467	383.325	200.772	400.053	1.7504	177.699	2	1	1	13	
29444.7	386	0	208.736	387.026	199.235	380.971	201.032	398.568	1.73645	176.026	2	1	1	12	
29540.7	387	0	208.876	384.672	199.525	379.635	201.081	396.153	1.87572	173.672	2	1	1	12	
29596.7	388	0	209.549	384.573	199.93	378.28	201.993	396.213	2.54919	173.573	2	1	1	11	
29692.7	389	0	210.329	382.95	201.084	378.073	202.352	394.305	3.32945	171.95	2	1	1	11	
29748.7	390	0	210.845	382.855	201.784	377.334	202.435	393.893	3.8447	171.855	2	1	1	10	
29844.7	391	0	211.641	381.01	202.647	375.988	203.133	391.972	4.64093	170.01	2	1	1	10	
29900.7	392	0	209.347	377.737	199.16	374.143	203.73	390.426	2.3474	166.737	2	1	1	9	
29996.7	393	0	210.338	377.889	200.942	373.624	202.804	389.542	3.33839	166.889	2	1	1	9	
30052.7	394	0	209.494	376.498	199.757	373.007	202.987	388.755	2.49445	165.498	2	1	1	8	
30148.7	395	0	209.648	374.498	200.053	371.598	203.088	386.727	2.64777	163.498	2	1	1	8	
30204.7	396	0	209.075	373.178	199.21	370.787	203.496	385.884	2.07512	162.178	2	1	1	7	
30300.7	397	0	209.254	371.978	199.488	369.445	203.335	384.53	2.25398	160.978	2	1	1	7	
30356.7	398	0	209.676	371.745	200.245	369.491	203.013	383.917	2.67586	160.745	2	1	1	6	
30452.7	399	0	210.057	370.206	200.794	369.099	203.609	382.494	3.05655	159.206	2	1	1	6	
30508.7	400	0	209.272	368.607	200.153	367.872	202.508	380.723	2.27179	157.607	2	1	1	5	
30604.8	401	0	208.435	366.996	199.175	366.712	202.822	379.687	1.43462	155.996	2	1	1	5	
30660.8	402	0	207.255	366.885	197.496	366.343	203.093	380.123	0.254501	155.885	2	1	1	4	
30756.8	403	0	206.027	364.79	195.971	365.05	203.727	378.475	-0.973404	153.79	2	1	1	4	
30812.8	404	0	205.918	363.364	195.758	362.942	202.967	376.924	-1.08182	152.364	2	1	1	3	
30908.8	405	0	205.14	360.937	195.095	362.148	204.286	374.788	-1.85951	149.937	2	1	1	3	
30964.8	406	0	205.415	361.108	195.098	361.34	203.682	374.876	-1.58455	150.108	2	1	1	2	
31060.8	407	0	205.558	359.05	195.208	359.462	204.149	372.855	-1.44173	148.05	2	1	1	2	
31116.8	408	0	205.533	358.396	194.769	358.384	204.37	372.225	-1.46706	147.396	2	1	1	1	
31212.8	409	0	206.828	356.166	196.573	355.23	203.498	369.638	-0.172043	145.166	2	1	1	1	
31268.8	410	0	208.184	355.664	197.658	353.001	203.842	368.844	1.18393	144.664	2	1	1	0	
31364.8	411	0	207.801	354.808	197.616	351.278	202.215	367.511	0.800919	143.808	2	1	1	0	
31420.8	412	0	208.492	354.524	198.28	350.238	202.57	367.074	1.49184	143.524	2	1	1	15	
31516.8	413	0	207.927	353.031	197.577	349.269	202.528	365.815	0.927048	142.031	2	1	1	15	
31572.8	414	0	209.288	352.639	199.243	347.945	202.891	364.954	2.28796	141.639	2	1	1	14	
31668.8	415	0	209.339	351.917	199.462	348.53	203.193	364.358	2.33934	140.917	2	1	1	14	
31724.8	416	0	210.25	351.595	200.636	347.501	203.235	363.568	3.25003	140.595	2	1	1	13	
31820.8	417	0	209.088	349.32	199.674	345.469	201.71	361.072	2.08847	138.32	2	1	1	13	
31876.8	418	0	209.355	348.827	199.786	342.623	201.736	360.425	2.35516	137.827	2	1	1	12	
31972.8	419	0	209.884	348.705	200.459	342.714	202.062	360.168	2.88351	137.705	2	1	1	12	
32028.8	420	0	209.925	347.842	200.51	341.847	202.087	359.293	2.92493	136.842	2	1	1	11	
32124.8	421	0	209.457	346.169	200.336	340.915	201.184	357.31	2.45673	135.169	2	1	1	11	
32180.8	422	0	209.321	345.465	200.27	339.144	200.842	356.45	2.32092	134.465	2	1	1	10	
32276.8	423	0	209.202	343.968	200.219	337.38	200.602	354.859	2.20224	132.968	2	1	1	10	
32332.8	424	0	208.882	342.624	199.885	336.404	200.318	353.543	1.88216	131.624	2	1	1	9	
32428.9	425	0	209.38	341.969	200.51	335.695	200.599	352.714	2.37955	130.969	1	1	1	9	
32484.9	426	0	209.752	341.082	201.047	336.028	200.633	351.541	2.75218	130.082	1	1	1	8	
32580.9	427	0	210.245	340.439	201.919	333.606	200.594	350.411	3.24472	129.439	1	1	1	8	
32636.9	428	0	209.602	338.654	200.759	332.141	200.774	349.361	2.60199	127.654	1	1	1	7	
32732.9	429	0	209.875	338.197	201.441	331.288	200.405	348.34	2.87498	127.197	1	1	1	7	
32788.9	430	0	210.377	336.759	201.932	330.308	200.878	346.876	3.37677	125.759	1	1	1	6	
32884.9	431	0	209.835	336.091	201.155	329.498	200.742	346.573	2.83504	125.091	1	1	1	6	
32940.9	432	0	209.903	334.053	201.14	327.409	200.947	344.652	2.90338	123.053	1	1	1	5	
33036.9	433	0	210.601	332.577	202.301	326.086	200.859	342.46	3.60062	121.577	1	1	1	5	
33093.9	434	0	210.646	332.026	202.176	324.514	201.283	342.268	3.64603	121.026	1	1	1	4	
33189.9	435	0	210.686	329.826	202.201	323.675	201.226	339.979	3.68605	118.826	1	1	1	4	
33245.9	436	0	210.803	330.55	202.633	321.488	201.176	340.545	3.80302	119.55	1	1	1	3	
33341.9	437	0	211.27	327.726	202.34	320.992	202.579	338.544	4.26961	116.726	1	1	1	3	
33397.9	438	0	211.425	327.754	203.177	319.392	201.829	337.779	4.42456	116.754	1	1	1	2	
33493.9	439	0	211.697	325.185	203.554	317.429	201.892	335.005	4.69728	114.185	1	1	1	2	
33549.9	440	0	212.193	323.839	204.216	315.477	202.247	333.516	5.19289	112.839	1	1	1	1	
33645.9	441	0	211.578	323.273	204.073	313.899	201.224	332.512	4.57805	112.273	1	1	1	1	
33701.9	442	0	211.804	321.87	203.881	313.058	201.852	331.541	4.8042	110.87	1	1	0	0	
33797.9	443	0	212.458	321.191	205.104	311.877	201.924	330.224	5.45808	110.191	1	1	0	0	
33853.9	444	0	212.336	320.321	205.241	310.302	201.66	329.186	5.33588	109.321	1	1	15	15	
33949.9	445	0	214.48	320.122	208.093	309.163	203.327	328.38	7.47955	109.122	1	1	15	15	
34005.9	446	0	214.787	319.088	208.828	307.996	203.299	326.872	7.78714	108.088	1	1	14	14	
34102	447	0	215.396	318.021	209.421	307.23	203.846	325.712	8.39632	107.021	1	1	14	14	
34158	448	0	215.016	317.159	209.094	306.939	203.261	324.533	8.01613	106.159	1	1	13	13	
34254	449	0	214.218	315.244	208.271	304.924	202.514	322.699	7.21771	104.244	1	1	13	13	
34310	450	0	213.93	314.574	207.998	304.388	202.174	321.948	6.92989	103.574	1	1	12	12	
34406	451	0	214.303	313.572	208.275	304.233	202.362	320.642	7.3029	102.572	1	1	12	12	
34462	452	0	213.565	313.813	207.783	303.743	201.639	320.909	6.56516	102.813	1	1	11	11	
34558	453	0	213.569	311.963	207.138	303.048	201.898	319.469	6.56932	100.963	1	1	11	11	
34614	454	0	213.446	312.273	207.418	302.724	201.579	319.465	6.44644	101.273	1	1	10	10	
34710	455	0	213.11	310.298	206.918	301.195	201.25	317.503	6.11003	99.2979	1	1	10	10	
34766	456	0	212.907	309.916	206.917	301.446	200.576	316.281	5.90747	98.9161	1	1	9	9	
34862	457	0	213.173	308.931	207.237	300.919	200.551	314.698	6.1725	97.9306	1	1	9	9	
34919	458	0	212.574	309.388	207.309	300.868	199.554	314.189	5.57428	98.3885	1	1	8	8	
35015	459	0	212.828	307.609	206.934	300.47	199.581	311.743	5.82823	96.6091	1	1	8	8	
35071	460	0	212.79	306.19	206.825	298.334	200.116	311.842	5.79008	95.1899	1	1	7	7	
35167	461	0	212.923	304.642	207.502	296.831	199.641	308.664	5.92264	93.6421	1	1	7	7	
35223	462	0	212.86	305.021	208.372	296.26	199.379	308.309	5.86029	94.0207	1	1	6	6	
35319	463	0	212.547	303.567	207.907	295.534	198.811	305.54	5.54692	92.5674	1	1	6	6	
35375	464	0	212.109	302.692	207.314	294.644	198.469	305.248	5.10863	91.692	1	1	5	5	
35471	465	0	211.222	302.368	207.513	293.68	197.383	303.398	4.22188	91.3683	1	1	5	5	
35528	466	0	210.786	301.633	207.187	293.005	196.918	302.148	3.78572	90.6328	1	1	5	4	
35624	467	0	209.718	302.668	208.99	293.083	196.146	299.774	2.71761	91.6685	1	1	5	4	
35680	468	0	209.684	301.784	207.766	292.751	196.048	299.211	2.68449	90.7839	1	1	5	3	
35776	469	0	208.046	302.496	208.233	293.095	195.067	297.585	1.04587	91.4957	1	1	5	3	
35832	470	0	207.605	302.269	207.101	293.212	194.862	296.776	0.605408	91.2688	1	1	5	2	
35928.1	471	0	207.256	301.493	207.708	292.379	194.999	294.987	0.25618	90.4927	1	1	5	2	
35984.1	472	0	205.564	301.399	208.917	292.168	194.012	293.71	-1.43573	90.3993	1	1	5	1	
36080.1	473	0	198.778	279.562	191.94	286.765	193.982	292.584	-8.22205	68.5623	1	1	5	1	
36137.1	474	0	197.566	277.836	187.54	275.222	192.212	290.638	-9.43355	66.8359	1	1	6	0	
36233.1	475	0	197.544	277.97	187.223	273.692	191.824	290.614	-9.4556	66.9705	1	1	6	0	
36289.1	476	0	197.366	276.504	187.4	273.085	191.393	289.03	-9.63373	65.5042	1	1	7	15	
36385.1	477	0	197.497	275.901	187.485	271.841	191.303	288.319	-9.50291	64.9008	1	1	7	15	
36441.1	478	0	198.065	275.533	188.14	271.517	191.72	287.874	-8.93481	64.5326	1	1	8	14	
36538.1	479	0	198.225	273.906	188.314	269.455	191.674	286.139	-8.77483	62.9061	1	1	8	14	
36594.1	480	0	199.302	274.308	189.591	268.917	192.09	286.164	-7.69806	63.3081	1	1	9	13	
36690.1	481	0	199.561	272.273	189.979	267.383	192.245	284.064	-7.4389	61.2729	1	1	9	13	
36746.1	482	0	199.332	271.171	189.528	266.476	192.492	283.245	-7.66782	60.1706	1	1	10	12	
36842.1	483	0	199.097	269.993	189.274	265.619	192.408	282.151	-7.90269	58.9926	1	1	10	12	
36898.1	484	0	198.574	269.846	188.363	265.004	192.41	282.279	-8.42641	58.8459	1	1	11	11	
36994.1	485	0	199.933	269.165	190.032	264.478	193.276	281.341	-7.06702	58.1652	1	1	11	11	
37050.1	486	0	200.258	267.952	190.365	263.209	193.566	280.109	-6.74228	56.9522	1	1	12	10	
37146.1	487	0	199.843	267.074	189.378	260.504	193.47	279.402	-7.15707	56.0744	1	1	12	10	
37202.1	488	0	200.744	266.091	190.779	260.51	193.913	278.17	-6.25584	55.0909	1	1	13	9	
37298.1	489	0	200.702	263.685	190.41	257.87	194.316	276.005	-6.29834	52.685	1	1	13	9	
37354.1	490	0	200.792	264.436	190.032	256.494	194.419	276.763	-6.2075	53.4365	1	1	14	8	
37450.1	491	0	201.66	262.362	191.099	254.636	195.097	274.59	-5.34013	51.3624	1	1	14	8	
37506.1	492	0	202.539	262.317	192.156	254.921	195.831	274.465	-4.46123	51.317	1	1	15	7	
37602.2	493	0	203.193	259.79	192.906	254.199	196.874	272.145	-3.80716	48.7899	1	1	15	7	
37658.2	494	0	204.101	260.315	194.511	254.74	196.638	272.014	-2.89885	49.3152	1	1	15	6	
37754.2	495	0	206.829	258.953	198.206	251.28	197.692	269.398	-0.17131	47.9529	1	1	15	6	
37810.2	496	0	211.541	261.91	205.699	252.09	199.589	268.961	4.54123	50.9098	1	1	14	5	
37906.2	497	0	214.176	263.106	210.224	253.287	200.821	266.875	7.1758	52.1059	1	1	14	5	
37962.2	498	0	214.242	262.627	210.4	253.461	200.595	265.139	7.24231	51.6272	1	1	13	4	
38058.2	499	0	215.275	260.233	209.984	252.667	201.714	263.175	8.27525	49.2329	1	1	13	4	
38114.2	500	0	215.425	257.995	209.917	250.223	202.205	262.214	8.42523	46.9954	1	1	12	3	
38210.2	501	0	215.537	256.839	209.792	249.367	202.366	261.209	8.53712	45.8394	1	1	12	3	
38266.2	502	0	216.196	255.489	210.075	248.589	203.049	259.932	9.19554	44.4891	1	1	11	2	
38363.2	503	0	216.112	254.318	209.905	247.635	202.889	258.526	9.11201	43.318	1	1	11	2	
38419.2	504	0	216.068	252.844	209.858	245.925	203.066	257.694	9.06789	41.844	1	1	10	1	
38515.2	505	0	215.707	252.729	209.485	245.988	202.565	257.186	8.70712	41.729	1	1	10	1	
38571.2	506	0	216.186	252.384	209.672	246.262	202.84	256.184	9.18626	41.3843	1	1	9	0	
38667.2	507	0	215.781	251.692	209.783	245.06	202.177	254.428	8.78102	40.692	1	1	9	0	
38723.2	508	0	215.829	251.152	209.772	244.545	202.286	254.175	8.82933	40.152	1	1	8	15	
38819.2	509	0	216.249	251.957	210.357	245.363	202.372	252	9.24937	40.9569	1	1	8	15	
38875.2	510	0	215.689	252.467	210.07	245.646	201.812	252.409	8.68869	41.4668	1	1	7	14	
38971.2	511	0	215.345	251.526	209.827	244.539	201.611	249.54	8.34497	40.5258	1	1	7	14	
39027.2	512	0	214.106	251.283	209.527	243.711	200.496	248.57	7.10556	40.2831	1	1	6	13	
39123.2	513	0	212.016	251.388	209.088	243.044	199.183	246.109	5.01613	40.3881	1	1	6	13	
39180.2	514	0	210.843	251.432	207.598	243.072	198.609	244.883	3.84306	40.4325	1	1	6	12	
39276.2	515	0	207.625	253.33	209.293	244.65	198.568	242.817	0.624695	42.3304	1	1	6	12	
39332.2	516	0	202.848	253.861	209.643	247.324	197.039	241.259	-4.15211	42.8613	1	1	7	11	
39428.3	517	0	183.125	245.034	190.558	249.835	196.124	240.175	-23.8747	34.0345	1	1	7	11	
39484.3	518	0	186.481	227.371	182.15	235.478	195.08	238.263	-20.5193	16.3711	1	1	8	10	
39580.3	519	0	198.456	223.261	186.88	219.61	195.15	236.739	-8.54391	12.2611	1	1	8	10	
39636.3	520	0	199.857	222.235	188.144	216.329	195.416	235.382	-7.14296	11.2352	1	1	9	9	
39732.3	521	0	200.515	221.91	188.763	215.792	196.021	235.039	-6.48526	10.9099	1	1	9	9	
39789.3	522	0	200.061	221.564	188.71	215.576	195.113	234.529	-6.93925	10.5643	1	1	10	8	
39885.3	523	0	199.578	220.955	187.927	214.751	194.919	234.026	-7.4221	9.95479	1	1	10	8	
39941.3	524	0	199.891	220.725	188.251	214.405	195.167	233.773	-7.10884	9.72504	1	1	11	7	
40037.3	525	0	200.559	220.428	188.968	213.93	195.697	233.425	-6.44058	9.42786	1	1	11	7	
40093.3	526	0	200.724	219.768	189.237	213.352	195.767	232.73	-6.27568	8.76848	1	1	12	6	
40189.3	527	0	201.542	218.603	190.719	212.291	195.751	231.214	-5.45837	7.60292	1	1	12	6	
40245.3	528	0	201.187	217.547	190.334	211.157	195.41	230.164	-5.81273	6.54704	1	1	13	5	
40341.3	529	0	201.717	216.162	190.799	209.321	195.867	228.746	-5.28329	5.16182	1	1	13	5	
40397.3	530	0	202.607	213.906	192.262	208.226	196.348	226.292	-4.3933	2.90637	1	1	14	5	
40493.3	531	0	203.548	213.199	193.083	207.152	197.343	225.612	-3.45229	2.1991	1	1	14	5	
40549.3	532	0	205.822	212.513	196.146	205.036	198.158	224.081	-1.17764	1.51257	1	1	14	5	
40625.3	533	0	208.832	214.731	201.234	204.799	198.666	224.177	1.83215	3.73067	1	1	14	5	
